Z2-DkA9cflVMn8pttQwiCw  -33.876141  151.21492999999998  10.97
3MW8y1z2lRdaegagykSNhQ  -33.876229  151.21490800000004  10.94
SxluVFmAfPNHpDRygmfLWw  -33.876067  151.21494800000005  10.27
3-TVrTWdskEwP_O-t7_g4A  -33.876273  151.21489799999995  10.23
4ZOYhz2rP2dXNAZdxphx_w  -33.876264  151.214838  90.79
mdX1NM2H8k42KKfRJNhObw  -33.876033  151.21495900000002  10.65
xkcz6UPKGHaB8CovJCAilg  -33.876362  151.21488   10.03
YuX5CEvfRGi7gQum5meftA  -33.876074  151.21499199999994  76.76
4UeYID6spkI11ReewdwyeA  -33.876246  151.21472100000005  100.38
tSFMFnis_ZoypB1fnkq0nQ  -33.875988  151.214969  11.02
ICEYGr8y-EsiuX_QowDK-g  -33.876469  151.21485899999993  10.1
-rHvcZz31pzWWM7cPhYo7A  -33.876028  151.214927  246.75
Yd0NOFUU8zCeSPW9fNanbg  -33.87609   151.215103  102.46
tTbq9K4CE_qPkqYwmi0Rwg  -33.87623   151.21461399999998  100.29
Y0BtFiIprPVcLvGQYNkHUA  -33.875882  151.21499100000005  10.58
3X2WTeJnTwC7yY91FE3ZDQ  -33.876214  151.21450800000002  101.04
DrXa4dM9_Fgbs9dbae3FGg  -33.876111  151.21524399999998  280.49
hhOUVTjdcUBdTJ63WmE98A  -33.876013  151.214832  289.35
kcNUKEKOMKoq5jYl68CAwg  -33.876584  151.214837  11.39
xnKUIxALr2pKrec0R6efKQ  -33.875785  151.215012  353.85
2DhvYw7fVSWHTG9jTOqtnw  -33.876198  151.21440299999995  100.18
lLCsAAKdeYXE8LiHFUg-lA  -33.876132  151.21538499999997  112.8
KzAEAyT2S6d_5wr3-LK6EQ  -33.875991  151.214693  279.58
qTzjEMrxLg_puMNOxJAyjg  -33.876655  151.21482300000002  357.97
Eo-qDCDT29vr-poxIxbArg  -33.875731  151.21497399999998  322.42
IxlQWzOoEYfZFZ-r0Q9Bmw  -33.875749  151.21508100000005  299.47
ejaMPK1vhzJlp82D0UOGqA  -33.875697  151.21503200000006  339.68
lPfuBjFRC_0DnLCEMqt9nw  -33.876146  151.215467  74.36
NxafEbHlag6zgYY2Sfnp5g  -33.87669   151.21481600000004  289.74
0jCCAIKqA2GCdI4oty4LgA  -33.87618   151.214289  97.32
qoH5IZkV5SNSV6D57E-NhA  -33.875973  151.21457599999997  279.62
QpWoNaCXffuF_ZbnfbP7qg  -33.876181  151.21540400000004  173.88
f8Okp6oGJMbKWujJV_c11g  -33.875706  151.21483   281.96
RgFi34vyZX8ex2XEMS7tbw  -33.875767  151.215193  277.79
_B60gP33Xum0x4Dz4Vs2OQ  -33.876167  151.215595  101.28
rrK7U_utICcOUN76LJE36A  -33.87678   151.21480399999996  250.72
XwL5YTVEdvuN2M5aKryj2g  -33.875602  151.215055  9.41
SIiGREPdWwlsVeQ06fVY2A  -33.876161  151.21416699999997  98.84
iseUWtMyg26cM0B0keuvoA  -33.876269  151.21538499999997  191.38
ucE_0p2Hj6ASUlLEx3aCLw  -33.875683  151.214699  278.12
wG6klcFZymk6XM0F-Z4gKw  -33.875957  151.214469  280.33
Qkkdh2APSVtUOYrss2bLog  -33.875784  151.21530000000007  279.67
z1WIQhkcYG5lq7dqH8xOVQ  -33.876925  151.214833  250.97
dpQNq-8fzTgzssTSgt7Jew  -33.876183  151.21569   100.67
L9xIPZIhuK0_iPojbyYYTA  -33.876144  151.21405000000004  103.11
dFOW50K26yvB8JtwbreHnw  -33.87695   151.21477800000002  216.8
L_Qe0t6bsoDqxZhq9XfPNQ  -33.875494  151.21508199999994  10.69
093PVV57zS3FIkqWQqtk3w  -33.876367  151.21536400000002  191.51
fxLkXXHDDETxYSoHNwh6lw  -33.875941  151.21436300000005  280.69
E1CP1_WD7zPrO1gkoB1rVg  -33.875663  151.21458600000005  275.25
1qdFSlRAs-4cBkNhFrc43Q  -33.876943  151.21495300000004  281.32
SB6acwGSPkpWi8UO00Vzog  -33.875801  151.21540600000003  280.31
jH0iaQTIZogqmZDwkq9DvQ  -33.876133  151.213976  103.23
6lCU4gKwlkAE_Cm_BCKQtg  -33.876199  151.21578599999998  100.42
571zBUf1FCXNCvqWO69vUA  -33.87619   151.21399500000007  188.28
gtcl5U_LTEjWCwsZ_y0bFw  -33.876137  151.21400700000004  187.71
izM89B7ZQFoXtyjlxsyapQ  -33.875442  151.21509500000002  10.79
oyR_1ZE69rZiVXnH6rqzfQ  -33.876473  151.21534099999997  185.52
Ch7XBNmLebaHQG-RJg9PGw  -33.875922  151.214246  279.06
UNSzD4hzzaeEzYTyH_gGqA  -33.877006  151.21476600000005  194.34
m28aP8wlyRosyikjrp2E4w  -33.87696   151.21506999999997  280.46
aJ1WAokNZFhiCKSMhIDypg  -33.875642  151.21447   276.23
iRn1-rRbWVJFzqOxG1weqQ  -33.876935  151.21471799999995  101.34
CGiZ9k1-0UWIPp82_i83DQ  -33.87582   151.21552299999996  281.28
Ys8QkueUVjkz5-3boHsTpw  -33.876116  151.21385799999996  99.99
osYbFmvSShbXbJl0UNGG-g  -33.876216  151.21588700000007  101.99
w9LhoO5O5Ssf8Y7pq-uEHQ  -33.87577   151.21544500000005  8.21
bYiw9S4n1a5q40js2TbQGA  -33.876035  151.214025  193.28
_SKL8VB6YHug9nv8tR3s3Q  -33.876243  151.21398299999998  188.64
frg8RXnLCs6iwoufxrXfWw  -33.875393  151.215107  10.82
WhOFXygnU2c_Jf0qnq9axg  -33.875423  151.215144  100.11
rP-bU-WHZ5nHuxa9GtwVJA  -33.875409  151.215059  99.05
cjnCtwGFE1ITlGWi3IBjAA  -33.87657   151.21532000000002  190.06
78Gla4Kq3L4iypzR2vciVg  -33.876907  151.21457799999996  99.84
RdBZWd9rZX_Aced-P1743w  -33.876976  151.21517700000004  280.1
OnRhCt61GHt96ZL9vfaiRQ  -33.875624  151.21436399999993  278.66
JHQNlGkMqyuPgW0_PNduiQ  -33.875899  151.21409700000004  277.54
fWf9JrzUXjucT3zZ1w0wMg  -33.877108  151.214744  186.16
xJvlSH_A4dp-KpFfbhHOWg  -33.87584   151.21565099999998  280
88W3-YpGublFe1ZFD_VD6Q  -33.876163  151.21589800000004  11.02
rptdQXgSx3Bm9UriGrWGVg  -33.876224  151.21593699999994  100.09
-LrS-vPi6ORVa1WIcPvJag  -33.876102  151.213752  99.43
Z97nfs5DEbsMnL2Ow5TSRQ  -33.876216  151.21588700000007  10.07
eU42smcbgXjNTxVp1vjOqg  -33.875928  151.21404400000006  228.28
7aTiQ9u5Cc3jHuRvr0XfoA  -33.875735  151.21545100000003  9.62
GyWo1M2Twb8RKFbzXT0osQ  -33.87634   151.21396100000004  189.07
kcBv0iOw_CAGdwMoGiF8RA  -33.875297  151.21512800000005  10.53
889TUwL2VQ87qKHx6K82ig  -33.875441  151.21526100000005  101.29
D3_zZbYbOgLZtsnNfW19gw  -33.876694  151.21529299999997  191.08
fbI_o78DF_L38dv9vC1P4g  -33.87689   151.214471  100.96
ksLSX8VXBw_BTYY0NpZGzA  -33.875394  151.214963  99.34
Fbyb8errStSM2ayTmSfxZQ  -33.876992  151.215284  279.48
dn3_9A-WFmvgG2SXspiJDA  -33.875607  151.21426599999995  287.8
MwVEaASkAgAcH50r8nyUew  -33.875892  151.21405100000004  120.11
AyzvjrRLpsSP21cM9aSkJw  -33.876984  151.21523000000002  149.77
_yFCjCCp2gRktoDccgNVUA  -33.87586   151.215778  280.08
mKR3U-vnsVsPG12TR330yw  -33.877198  151.21472399999993  189.44
YM135PKAZ0qpAxXvIbLCyg  -33.875892  151.21405100000004  127.05
0lP-Hb8_OMpBl1YGWSupyA  -33.876066  151.21591999999998  11.5
jw2nJFKWlgQSlhYYHIvb3g  -33.876085  151.21363399999996  100.1
8Ot08B3SwV3_tGxq8Dzu0g  -33.876304  151.215867  10.21
e8FanWNOd4S6zVnCEv_UIg  -33.876236  151.21601399999997  101.42
MbRVl5vki0QOIjCcUcKJgw  -33.875723  151.21545400000002  10.07
x3c0_VhI2rLe4N9-6mHgFQ  -33.8752    151.21515   10.39
JXjtUgITymlXNphW61kukg  -33.8768    151.21527000000003  192.24
5JYwcsQFjHfJ-N9koBTXYw  -33.875458  151.215368  101.41
JlnULJ8sT9M4v-_uf_pvCQ  -33.876432  151.21394099999998  189.96
Qmta0zhwLh9CmlygSPa5Xg  -33.875379  151.21486700000003  98.61
EE4_L0Mbiohm7vnI2CytZg  -33.876873  151.21436500000004  100.24
3hxEawx-uNLgVFgoh-USZg  -33.877015  151.21543299999996  101.43
k6Q6huA8ALbquwnt5f6RDg  -33.875881  151.21404800000005  117.01
xS3JWLhxAXpQDOYiSKnJzw  -33.87558   151.21417900000006  317.35
iGgg7u3WPopkPTK5rWNhog  -33.876889  151.21525099999997  192.96
YF1STkLZ5SnmLGHH7qYG6g  -33.875881  151.21590600000002  311.08
ZWJjChcL4v-rgaKp-LcKng  -33.877263  151.21470999999997  191.53
9uAz0h1G2gZISlMEflXkUw  -33.875987  151.21593699999994  10.73
uogI9rPXFB5sNTn8m_tqFw  -33.87607   151.213527  99.76
ctn925o1eXwsIyBS9hqBpg  -33.876252  151.21610999999996  100.82
VV7suG2YRqsxqNH-b1c8zA  -33.875883  151.21399599999995  20.61
D6TQovkWEdxiOvEmQR28xQ  -33.875714  151.21545600000002  9.34
7T1Fz3Zk571CAnV9gbhwpA  -33.876392  151.21584699999994  10.4
OoJPDzXlqAFt8v1GLsd1Ww  -33.875103  151.21517100000005  10.11
hHHWqdA72Lz7zlu1f1F_BA  -33.876426  151.21389799999997  320.95
7TjLs0YXaEJ0XklN1J4VkA  -33.875479  151.215506  67.37
ZmtHQHopHn4teomu4kGIrw  -33.875359  151.214739  101.69
FGPiYRnOwitLFlGIsucANQ  -33.876484  151.213932  190.25
Ze9yDd8WAkNI-7VTme-5LA  -33.875526  151.21413299999995  336.01
TITh7Z8XDJ8kISLw-mijOA  -33.876856  151.21425799999997  101.62
O-XQcoyOBHYOWB8AAwpKsA  -33.877031  151.21553900000004  98.5
XXq_1QMg1TazQpp1-I7DuA  -33.875566  151.21408500000007  56.65
g9dVrJZw9ow7X6-IASu2AQ  -33.875899  151.21602299999995  285.95
DOnzSd1cxwtU0YGYl4s-tg  -33.875836  151.21596999999997  10.83
YRci7SnEl4pbdojt2GuMbg  -33.875889  151.215959  10.65
nUaj8kHdX4s3QiVgP2LFKg  -33.877263  151.21470999999997  99.42
7VM6QD1W836cChMzd9hRNw  -33.877271  151.21476299999995  99.35
z73J96hYAF0SORzVsquhPg  -33.877324  151.214692  191.92
RpMHkxi6vahX_dnjbKBlJQ  -33.876047  151.21335599999998  99.57
_zDVVp46OGKLJXhmMiViMA  -33.875702  151.21548299999995  100.31
8EjWvXWM_B1-OmqA1MYfGw  -33.876268  151.21621600000003  100.23
ntA2ZJFwxe9ml5T9S_Xk0Q  -33.876481  151.215827  10.78
ksdD8ACYRvKHs8uZqXgBfQ  -33.875002  151.215194  9.66
_vi9Am5lmjS8psJe30nTkQ  -33.876406  151.21377000000007  278.76
XxwKAJMN31o9gF-8CmlBzA  -33.87534   151.21462199999996  280.15
hK78mdg8Pksr8stck1eNxw  -33.875349  151.21467499999994  129.36
fUANxQnSV7tjaeDVJ6f6lA  -33.875432  151.215552  30.48
nHv7GO6tEavzVQgrvGpUBw  -33.876528  151.21392200000003  190.46
coXSyS6kTcKHgE6gX5k1cw  -33.876847  151.214205  101.07
uKngrLC2sVProL7USgR7Sg  -33.875437  151.21413600000005  5.48
BMf2M5fVROddYgpWPM5FbQ  -33.875555  151.21395200000006  96.03
AzYMM1BewVJx7izRhB2P6A  -33.877047  151.215646  87.84
aHQrb61_0K9hez6BEoCtcQ  -33.875747  151.21598900000004  10.73
wnA456g-C6jJmULeFzdaAg  -33.875914  151.21612600000003  279.6
IrJxkijHYcEkA7KlZ66vTw  -33.877247  151.21460100000002  100.68
Ti6jpy7RagGNVBolpLeNcQ  -33.877428  151.21466299999997  191.92
Ea0OghECTtaW_8x9EcNXGg  -33.876099  151.21327700000006  181.25
UYieAR2BlCmYeskxV125Ig  -33.877287  151.21486900000002  99.54
epJryXbjELzPOkIzyeoSZA  -33.876037  151.21328900000003  99.56
gpFQiWBlAFENB-XE0N67sw  -33.876287  151.21633299999996  100.3
G2eWtJfIpOhY9jb_OOXkBQ  -33.875695  151.21552799999995  100.19
Rij_F1AiqmB_gYAx1wJAjQ  -33.874907  151.21521499999994  8.95
pSOJtZwYYXIGX1lqfX6Row  -33.876379  151.21359200000006  279.96
6T9uUfEGhubCKaXIxdHoKA  -33.87533   151.214559  279.17
aQfVOVShWbR45K5b5d4wRA  -33.876569  151.21580800000004  11.25
1mEEkEW3kSZpfjZTUsjcpQ  -33.875276  151.21464300000002  168.18
YKSlYWNffn-ra4Q93K1RsA  -33.875326  151.21557800000005  10.96
wMj82q__yaxWKU2ByL3q-g  -33.876828  151.21407999999997  98.22
uXaswebSvgToJiVtMo_MGA  -33.87535   151.21416299999999  9.9
jkeGaxG3w5VGeFvFnrAtyg  -33.876617  151.21390399999996  190.83
SQ0X7vPpNuYEOmMHvLyjKQ  -33.875542  151.21386699999994  100.05
zkrG3zER87VZ0vSeYapJEg  -33.875422  151.21413200000006  289.27
gZgqRcct0FB02FewnNDKIg  -33.877062  151.21574199999998  62.39
8vs3H_buomj8t4tr8AhfLA  -33.877091  151.215692  347.85
XOcZRpFiwZF0rGRDPSx-UQ  -33.875932  151.21624700000007  279.73
kqgBZe-9OIFSa3x7zg4LFQ  -33.875659  151.216007  10.64
K4QEEiV9gWoLSV2RtmI2kA  -33.87702   151.21570700000007  45.67
XeRLX9FS00HLITlwxGtHag  -33.87723   151.21448399999997  100.19
3srSkZ1KtpwfkxnhOzWGoA  -33.876187  151.213255  187.16
XfxN14odMvWiv2Hi5Vt3yQ  -33.877503  151.21464200000003  193.05
p0doc35xy8wOzLdewOtSZw  -33.87603   151.21322399999997  99.33
vrB1j13Wjtj-HAKBbb1yDQ  -33.876295  151.21638600000006  100.63
HluKgNsculcuzrrdVRMPgQ  -33.875713  151.21554200000003  99.03
w4iDMdDGDkDbwEBrYXWyxA  -33.877303  151.21497599999998  100.56
9TbOvJpVdcF2TEkJ4H0oKw  -33.874856  151.21522700000003  8.97
UbzeeQRFFu_qfR8xmwHFpQ  -33.875312  151.21445199999994  279.29
Xm9YRtLu3gPAJAg_tC2G5Q  -33.875192  151.214605  163.69
TOv6X8sAkwXbZy0DJY3T9Q  -33.87637   151.21353499999998  280.76
33p-CtItiweCMgvJcD6q5A  -33.876666  151.21578599999998  11.39
9_geMbwWT8gqlwuUzwepew  -33.876707  151.213886  190.88
r1AeV3XrB1EyirsSsjTGtQ  -33.876802  151.21390999999994  102.53
EozZiCDmKvoKAKBcHxWmZw  -33.877088  151.21590100000003  96.94
9tamTrE-5vUVunxgirbAbg  -33.877161  151.21567600000003  9.92
q0dkhdD31dRWxsINyin2lA  -33.875405  151.21408099999996  282.78
v9nTZ6s7K5wjqjNbIXo5lg  -33.875267  151.21418800000004  11.71
H5AiMj0APt23XSM4mQP2-Q  -33.875525  151.21375999999998  100.68
DCnJAbWMuHeswBLidhR2Qw  -33.875229  151.215601  10.25
3nJhG_0I8sVM6FWGD2JyEA  -33.875949  151.216363  277.26
dQNKhTT-4ny6Knok7vqLVA  -33.876887  151.215737  9.57
g_70C-iSQ2-5aT3qPAuUQQ  -33.875561  151.21602699999994  10.32
aGvyNFP0rFcN0Fdb434Zfg  -33.877213  151.21436600000004  99.78
desNmIcffKOwTUQAbvchcg  -33.876017  151.21310600000004  99.13
DbvQuc1xN2n-Vt49h3Pzxg  -33.87758   151.21462099999997  156.94
Mewf2HiYOpVXFalgjIBXyw  -33.877319  151.21508300000005  100.73
TJF3EpQc6xBUFCn6nYkbmA  -33.875294  151.21434599999998  280.94
vaDmbNzUnmJobv9DYy4dKQ  -33.876313  151.216503  101.15
1NYygirDYUDL5e2IqnEE6g  -33.876322  151.21322199999997  191.7
yUPdPxTxJutwnBcdwl3sWg  -33.876773  151.21576200000004  10.68
S3B4O3juHCXSg3ZwYlB_Ew  -33.874765  151.21524699999998  9.31
-Exq8Anq5b7BTIEoGBMXAw  -33.875097  151.214606  191.99
_7WdCwzjjYpHo9VKwzZ3qg  -33.876353  151.21342400000003  282.42
R9Zh4jbbukgAZ5pLCpD5Pw  -33.876796  151.21386699999994  100.69
Mvn6HbPauD2Z9yKMu0aMUA  -33.876796  151.21386699999994  9.13
W2lh2b86UcN_7Vwrfw58eg  -33.876796  151.21386699999994  190.83
joQtC4o6-27tgt5Zl-JlDQ  -33.875396  151.21405200000004  283.84
KwuCOoF1CA8gbjcjRtI-qw  -33.877103  151.21599700000002  99.6
NOgFsqotAJzD5yUbg2isrw  -33.87725   151.21565699999996  11.15
vfuN3ureSgS6F5Oi0x5YLw  -33.875214  151.2142    11.67
qxaxhlQ_SBOWFtz6o3XG-A  -33.875506  151.21363700000006  100.77
x8BmWhV9cXDr_3zkmsQ96A  -33.875922  151.21642999999995  328.22
TVevmkSNDHNjy5PGx-afWw  -33.875132  151.21562500000005  10.82
UmBCZ7EE-2BzsLpOZl49ig  -33.875276  151.21424000000002  268.85
qQ_RpssezdRSdH89EllSMA  -33.875523  151.21603600000003  10.96
zQhcTDkTQQpas7yRzcBMBA  -33.875958  151.21642299999996  279.55
8mwW_QKroV4IbnPbxCeTpQ  -33.877195  151.214249  99.45
BquEUn-uzTG1SwS85Ph3hg  -33.877627  151.21468600000003  107.52
oiiGY3_3tNnr7hfGm8vO7g  -33.876004  151.212988  99.24
k_4sedVcvYZFxFBQXoXznQ  -33.877335  151.215189  99.13
XjBKhWO6WszztSTs4HSPNw  -33.876328  151.21326399999998  250.89
91XVAr8jPtzUEOSqybZ63A  -33.876327  151.21659899999997  101.03
pNsCeIEocyikKeVRLvjUQQ  -33.877645  151.214609  22.06
5fUPqgsOYJyCt6r_IfLKvA  -33.876366  151.213212  209.07
YTz7c2BthqIy4eiyv7G3Vw  -33.87678   151.213749  99.96
Qq3SeweM4dprXsdL5z4PCw  -33.874677  151.21526700000004  9.67
Rr1q2BbI6ogulizGxDMlBg  -33.875014  151.21464600000002  203.64
goOiQDqGl14pDqYLhVL-yg  -33.875392  151.21403299999997  281.44
IJmla10AL-pybWtyLIhXbg  -33.877121  151.21610299999998  100.91
bCpxcrJ1gLS5YoX7bAG8yQ  -33.875825  151.216451  8.65
BZsTBPbF3M_tODcgxFQwTw  -33.875117  151.21422299999995  11.36
W_aiEggt6FF01wy3TgN_aw  -33.876891  151.21384799999998  7.06
igF0Pznb10BrbzVe1N7F1Q  -33.877347  151.21563600000002  11.12
c0qkyjxskkIIKOb-1r7ebQ  -33.875487  151.21350899999993  100.17
wgqhsrIj8uQWXlvH3jNJEg  -33.875035  151.21564899999998  9.81
r8tahjHQWTC4ZXEcZPqToQ  -33.87718   151.21414200000004  99.02
s6uge37QREhlmDq1dprXBg  -33.877647  151.21481800000004  101.17
iWsYMmpKQ-f_roOWN230QA  -33.875452  151.216052  10.92
5hTAXYoCts077DELH7WfDg  -33.877351  151.21529599999997  100.07
9JNx6w6eAwauusNOvCFZxg  -33.875991  151.21287000000007  98.6
Mi_Ms2Cww3DembBVUOxNjg  -33.876344  151.21671700000002  107.6
iCp0GF-lG5qeW9kBEk2DZA  -33.875973  151.21653200000003  279.97
Y4uWCsUXu2xloGwYXlIFpw  -33.877717  151.214603  30.49
HWujd1ZD3XCzmqJouuBEHw  -33.876472  151.21318799999995  190.21
9W0vr6ey1l2GyEB4d9vDfg  -33.876765  151.21364199999994  100.99
kpHflPteA9w3yCzNmfyvAw  -33.875426  151.214017  189.57
XbZOLHNC23f3itASw8hUvQ  -33.874935  151.21471199999996  216.62
PioiFJi5dluxN6yHnq2bFg  -33.87713   151.21616100000006  110.13
e2wieoCvOevFf135A0o-5Q  -33.874588  151.215287  5.18
A-MqULflHL_VaoTRkQoGwQ  -33.87537   151.21403699999996  20.97
j5hof4X85L7kigQhT6y_lQ  -33.875724  151.21647200000007  10.93
SDSLsvb-22bZVZJKCt7jGg  -33.876988  151.21382900000003  9.3
GEel2d5HWvY_WfKouSgafg  -33.875011  151.214248  9.67
3G_0bDQVWEP26rmNSS08Wg  -33.8774    151.21562500000005  10.36
Je72ZMDIZfde3CQazmJwNQ  -33.877411  151.215688  99.72
WOIMhEWDHSy7goCgpmdt4w  -33.875471  151.21340699999996  100.58
zOW45sjfbNdsbwnqKs2GBQ  -33.8774    151.21562500000005  99.2
wskQBk5Ni_ndZplz_WY2XA  -33.874982  151.21566099999995  10.51
X4P-A2FbhdBkPplXJf6vTg  -33.877666  151.21494099999995  98.74
_DegdS2BvwwA3O74SHx4ZA  -33.877161  151.21401400000002  99.57
sRGcSrPkgmQTgJZGQrpMvA  -33.87537   151.21606999999995  10.54
K_aAlYVJabD0W8ide2_jMg  -33.875978  151.21275200000002  97.13
0FS1i73OPaz58qtfQN7q9w  -33.876307  151.21677499999998  8.65
jKLqf8qOysmCcgpAe8bEUQ  -33.875988  151.21664199999998  281.39
oDP0HjYFZyL8RNQ00xkDvw  -33.876352  151.216766  9.54
QvcZrjXJYB7h-i3Ig0U83A  -33.877815  151.21458800000005  171.12
-E6CgC3p0tIlPbRJNphdhQ  -33.877367  151.21540200000004  100.61
NBU5fAnLAcd1vEkG4SyfPQ  -33.876569  151.213166  190.15
aNMxOpNCTMhrun5NBMgM2g  -33.877754  151.21455600000002  125.76
CHX0LBeZn_zVDK1asMlAuw  -33.875469  151.214023  189.08
KxWckfX8PW1U3zhMMsoK1g  -33.875431  151.21397100000002  280.48
hfXLMFy100VGk0MuaupR7w  -33.87675   151.21353499999998  100.24
WCLhWoZA4AMOnWNmx37wBA  -33.87487   151.21478100000002  222.05
9cTS6-NfyJFSmC2AAD3siQ  -33.877132  151.21617500000002  102.11
foxf4X0jU5_lt5gLSiFWdQ  -33.874488  151.21531000000004  327.95
QWb_PQq1R4XfJWXH4ZYeyw  -33.875348  151.21405300000004  22.87
Up6adoAZ5sSFN9sVfvAPTg  -33.875632  151.21649200000002  10.92
NvDSIaZ1CvtrXtYzSlwJWQ  -33.877095  151.21380799999997  327.91
xoYlvCqas4BHHKqKO0p9xg  -33.874914  151.21426999999994  8.76
fkqx1xcdUUHlGwQmEANJCg  -33.877475  151.21560699999998  9.97
ezCK9J4elWvqBdbX7mKC7w  -33.875455  151.2133    100.91
cFDBe9X3OBxAAbw71Q7Ubg  -33.877431  151.21581600000002  100.19
wPqmZE1b6g_HulhMTFOXQw  -33.877385  151.21551999999997  99.3
2P-LS8RTGjLfKwHeo8KNNA  -33.877685  151.215063  99.04
653AFchI0IUhcpiEovwJVw  -33.877141  151.21387500000003  118.28
sBXKrilD-6oD6I2dKvTDdA  -33.875974  151.21270900000002  94.88
Cvj7WtDBbpJD5wWjaGu19w  -33.874943  151.21567099999993  11.42
fN_HZWQhIi4mTHB0a_TDnw  -33.875279  151.216091  11.43
vTW0o3OgaYQPG6v__c64vw  -33.876219  151.21679300000005  3.67
fSPBXxzQ64z3i9wo3rC-9A  -33.876402  151.216819  272.35
qO-kdrYhG5RHWHa9eTUwKA  -33.875929  151.212717  21.67
Mip1DBkj7Qj8mXeJBuBZYw  -33.876006  151.216774  276.28
Jl45L_qSpm_2E6ZNxJbIWA  -33.876398  151.21675600000003  10.31
r2TxrxMDRU8fz2SMqUdPfw  -33.877939  151.214561  186.54
9uKa0wLdCYLNVVRvjSz-mA  -33.876657  151.21314600000005  189.88
GUK4cfWUgIxLQKL5bUojbw  -33.875429  151.21395800000005  281.75
kOrtyXIbIbwdFGr_lediLw  -33.877734  151.21443899999997  102.26
Smsrh4Kw3TrxnxltUw8-5A  -33.876743  151.213482  100.23
ZfvKTvPCI2SWxgSCiUYWTg  -33.874476  151.215236  302.2
ToxgSHoBMOcJt2wDF3mNvw  -33.874799  151.21483999999998  205.48
iNilP2aVfW1twOhVeF5rCA  -33.874494  151.21536100000003  254.51
Vlo9p2pklvAKG70nc4RUbg  -33.877121  151.21373399999993  115.68
8y_Iwaey_qn_RZWozgRWfQ  -33.875544  151.21650999999997  11.51
EwlqJAy_KqjKwmIve9AlOw  -33.877166  151.213793  148.4
ATa4lU1ANYUP7pG9awUKpg  -33.874797  151.21429799999999  9.2
bJy27hC4E5-pujBUUccR-A  -33.877554  151.21558900000002  10.46
1oRZgGuy94dsoSk1CcAT6A  -33.875437  151.21318299999996  100.44
MB5vDdrGMLtaHTbeMy2Hiw  -33.877452  151.21594400000004  100.44
NcsfZQTWV8nHl4o7oWs-YQ  -33.877693  151.21511599999997  100.64
fT3iax1o_LgwDitizJW8QQ  -33.877712  151.215057  150.97
yREeVwkoVuRjligqpT9F8Q  -33.875965  151.21260200000006  94.01
rE9xwmqukQHC9GhKoaV7XA  -33.874837  151.21569699999998  11.58
kzcULNE7T8j18cTLrswBTw  -33.875164  151.21611699999994  14.46
Mhv9psMccevHmczpkN_Hgg  -33.875831  151.21273399999995  4.93
mSA_EjpXmmEXuR1KLEs0Fw  -33.876014  151.21683400000006  236.78
1ImUUrsYtBEUEKsPS5xscw  -33.876414  151.21689300000003  280.61
N8PdMHDxQ8cltulAgGj43w  -33.87613   151.216811  4.45
bzMLQjCT05D2rWmMBptXeA  -33.876041  151.21682899999996  343.84
iw_Y9_5kMZoOuF7PPRwieQ  -33.876505  151.21673399999997  9.59
-VdZ_KAD0F1kWJe2TZUIwQ  -33.876021  151.21687700000007  92.31
